NaN
NaN
NaN
NaN
NaN
NaN
NaN
NaN
NaN
NaN
NaN
NaN
NaN
NaN
NaN
NaN
NaN
NaN
NaN
NaN
NaN
NaN
NaN
NaN
NaN
NaN
NaN
NaN
NaN
NaN
NaN
NaN
NaN
NaN
NaN
NaN
NaN
NaN
NaN
NaN
NaN
NaN
NaN
NaN
NaN
NaN
NaN
NaN
NaN
NaN
NaN
NaN
NaN
NaN
NaN
NaN
NaN
NaN
NaN
NaN
NaN
NaN
NaN
NaN
NaN
NaN
NaN
NaN
NaN
NaN
NaN
NaN
NaN
NaN
NaN
NaN
NaN
NaN
NaN
NaN
NaN
NaN
NaN
NaN
NaN
NaN
NaN
NaN
NaN
NaN
NaN
NaN
NaN
NaN
NaN
NaN
NaN
NaN
NaN
NaN
NaN
NaN
NaN
NaN
NaN
NaN
NaN
NaN
NaN
NaN
NaN
NaN
NaN
NaN
NaN
NaN
NaN
NaN
NaN
NaN
NaN
NaN
NaN
NaN
NaN
NaN
NaN
NaN
NaN
NaN
NaN
NaN
NaN
NaN
NaN
NaN
NaN
NaN
NaN
NaN
NaN
NaN
NaN
NaN
NaN
NaN
NaN
NaN
NaN
NaN
NaN
NaN
NaN
NaN
NaN
NaN
NaN
NaN
NaN
NaN
NaN
NaN
NaN
NaN
NaN
NaN
NaN
NaN
NaN
NaN
NaN
NaN
NaN
NaN
NaN
NaN
NaN
NaN
NaN
NaN
NaN
NaN
NaN
NaN
NaN
NaN
NaN
NaN
NaN
NaN
NaN
NaN
NaN
NaN
NaN
NaN
NaN
NaN
NaN
NaN
NaN
NaN
NaN
NaN
NaN
NaN
NaN
NaN
NaN
NaN
NaN
NaN
NaN
NaN
NaN
NaN
NaN
NaN
NaN
NaN
NaN
NaN
NaN
NaN
NaN
NaN
NaN
NaN
NaN
NaN
NaN
NaN
NaN
NaN
NaN
NaN
NaN
NaN
NaN
NaN
NaN
NaN
NaN
NaN
NaN
NaN
NaN
NaN
NaN
NaN
NaN
NaN
NaN
NaN
NaN
NaN
NaN
NaN
NaN
NaN
NaN
NaN
NaN
NaN
NaN
NaN
NaN
NaN
NaN
NaN
NaN
NaN
NaN
NaN
NaN
NaN
NaN
NaN
NaN
NaN
NaN
NaN
NaN
NaN
NaN
NaN
NaN
NaN
NaN
NaN
NaN
NaN
NaN
NaN
NaN
NaN
NaN
NaN
NaN
NaN
NaN
NaN
NaN
NaN
NaN
NaN
NaN
NaN
NaN
NaN
NaN
NaN
NaN
NaN
NaN
NaN
NaN
NaN
NaN
NaN
NaN
NaN
NaN
NaN
NaN
NaN
NaN
NaN
NaN
NaN
NaN
NaN
NaN
NaN
NaN
NaN
NaN
NaN
NaN
NaN
NaN
NaN
NaN
NaN
NaN
NaN
NaN
NaN
NaN
NaN
NaN
NaN
NaN
NaN
NaN
NaN
NaN
NaN
NaN
NaN
NaN
NaN
NaN
NaN
NaN
NaN
NaN
NaN
NaN
NaN
NaN
NaN
NaN
NaN
NaN
NaN
NaN
NaN
NaN
0.55269
0.55452
0.55709
0.55991
0.56243
0.56477
0.56728
0.56975
0.57215
0.57445
0.57663
0.57882
0.58135
0.58342
0.5854
0.58789
0.58976
0.59173
0.59262
0.59452
0.59544
0.59734
0.59818
0.60007
0.6009
0.60274
0.60454
0.60531
0.60713
0.60786
0.60963
0.61135
0.61207
0.61378
0.61446
0.61619
0.6168
0.61849
0.62116
0.62376
0.62636
0.62896
0.63153
0.63409
0.63661
0.63913
0.64159
0.64406
0.64648
0.64888
0.65129
0.65364
0.65598
0.65832
0.66059
0.66288
0.66512
0.66735
0.66956
0.67172
0.67388
0.67602
0.67811
0.68023
0.68228
0.68435
0.68636
0.68838
0.69035
0.6923
0.69424
0.69616
0.69807
0.69993
0.7018
0.70365
0.70546
0.70727
0.70905
0.71081
0.71255
0.71425
0.71597
0.71766
0.71933
0.72097
0.7226
0.72423
0.72583
0.7274
0.72895
0.73052
0.73204
0.73356
0.73505
0.73655
0.738
0.73947
0.74089
0.74232
0.74372
0.74511
0.74647
0.74783
0.74918
0.75052
0.75184
0.75314
0.75443
0.7557
0.75698
0.75823
0.75946
0.76069
0.76189
0.76309
0.76429
0.76545
0.76662
0.76777
0.76891
0.77003
0.77114
0.77224
0.77333
0.77441
0.77547
0.77653
0.77759
0.77862
0.77964
0.78066
0.78167
0.78264
0.78364
0.78462
0.78558
0.78653
0.78747
0.7884
0.78933
0.79024
0.79114
0.79206
0.79293
0.7938
0.79468
0.79554
0.7964
0.79723
0.79807
0.79889
0.79972
0.80052
0.80132
0.80211
0.8029
0.80368
0.80444
0.80521
0.80596
0.80672
0.80744
0.80818
0.8089
0.80962
0.81032
0.81102
0.81172
0.8124
0.81307
0.81375
0.81442
0.81508
0.81573
0.81637
0.81702
0.81765
0.81827
0.81888
0.8195
0.82011
0.82071
0.82131
0.82189
0.82247
0.82304
0.82361
0.82417
0.82474
0.82529
0.82584
0.82638
0.82692
0.82744
0.82796
0.82848
0.82899
0.8295
0.83
0.83049
0.83098
0.83147
0.83195
0.83243
0.83289
0.83336
0.83382
0.83427
0.83472
0.83516
0.83561
0.83603
0.83647
0.83689
0.83731
0.83772
0.83813
0.83854
0.83894
0.83933
0.83973
0.84011
0.84048
0.84085
0.84123
0.84163
0.84199
0.84238
0.84274
0.84304
0.84339
0.84374
0.84407
0.84442
0.84476
0.84506
0.8454
0.84573
0.84603
0.84632
0.84663
0.84698
0.84723
0.84752
0.84782
0.84812
0.84837
0.84868
0.84893
0.84921
0.84946
0.84975
0.85
0.85026
0.85053
0.85076
0.85104
0.85122
0.85144
0.85172
0.85197
0.85215
0.85238
0.85263
0.85281
0.85303
0.85321
0.85346
0.85366
0.85381
0.85404
0.85424
0.85441
0.85456
0.85476
0.85493
0.8551
0.85528
0.85548
0.85562
0.85575
0.85591
0.85605
0.85627
0.85641
0.85651
0.85662
0.85679
0.85693
0.85709
0.8572
0.85733
0.85744
0.85755
0.8577
0.85778
0.8579
0.85796
0.85809
0.85817
0.85828
0.85833
0.85844
0.85853
0.85866
0.8587
0.85875
0.85889
0.85888
0.85903
0.85906
0.85908
0.85915
0.85924
0.85931
0.85927
0.85934
0.85939
0.85947
0.85946
0.85954
0.85954
0.85955
0.85958
0.8596
0.85958
0.85965
0.85964
0.85966
0.85972
0.85966
0.85965
0.85962
0.85961
0.85964
0.85963
0.85967
0.8596
0.85954
0.85951
0.85953
0.85943
0.85941
0.85944
0.85936
0.85927
0.85929
0.85917
0.85921
0.85904
0.85907
0.85895
0.85891
0.85884
0.85882
0.85867
0.85866
0.85846
0.85845
0.85833
0.85827
0.85817
0.85802
0.85792
0.85783
0.85776
0.85762
0.8575
0.85743
0.85726
0.85716
0.85704
0.85692
0.85674
0.8566
0.85647
0.85634
0.85616
0.85601
0.85586
0.85571
0.85558
0.8554
0.85529
0.8551
0.85489
0.85471
0.85455
0.85435
0.85419
0.85396
0.85374
0.85356
0.85337
0.85315
0.85297
0.85279
0.85251
0.8523
0.85208
0.85186
0.85164
0.85135
0.8512
0.85089
0.85072
0.85043
0.8502
0.8499
0.84966
0.84939
0.84912
0.84889
0.84858
0.84829
0.84802
0.84774
0.84743
0.84715
0.84687
0.84654
0.84623
0.84593
0.84564
0.84528
0.84496
0.84466
0.84433
0.84398
0.84365
0.8433
0.84296
0.84261
0.84224
0.84188
0.8415
0.84114
0.84077
0.84038
0.84001
0.83962
0.83922
0.83883
0.83843
0.83801
0.83761
0.83719
0.83677
0.83634
0.83591
0.83548
0.83503
0.83459
0.83414
0.83369
0.83322
0.83275
0.83229
0.83181
0.83133
0.83085
0.83036
0.82985
0.82935
0.82885
0.82833
0.82781
0.82728
0.82676
0.82623
0.82568
0.82513
0.82459
0.82402
0.82346
0.82288
0.82231
0.82173
0.82114
0.82054
0.81994
0.81934
0.81872
0.81809
0.81748
0.81684
0.81619
0.81554
0.8149
0.81423
0.81357
0.8129
0.81221
0.81153
0.81083
0.81013
0.80942
0.8087
0.80797
0.80725
0.80651
0.80576
0.80501
0.80424
0.80347
0.80269
0.80191
0.80111
0.80031
0.7995
0.79868
0.79785
0.79702
0.79617
0.79532
0.79446
0.79359
0.79271
0.79182
0.79092
0.79001
0.7891
0.78816
0.78724
0.78628
0.78534
0.78436
0.78339
0.78241
0.78141
0.7804
0.77938
0.77836
0.77733
0.77627
0.77522
0.77415
0.77306
0.77196
0.77087
0.76975
0.76861
0.76748
0.76633
0.76517
0.76399
0.7628
0.7616
0.76039
0.75917
0.75792
0.75667
0.7554
0.75412
0.75283
0.75152
0.75019
0.74886
0.74751
0.74614
0.74476
0.74337
0.74197
0.74053
0.7391
0.73765
0.73618
0.73468
0.73318
0.73166
0.73012
0.72858
0.72701
0.72541
0.72382
0.72219
0.72056
0.7189
0.71722
0.71553
0.71382
0.71207
0.71032
0.70855
0.70677
0.70496
0.70314
0.70129
0.6994
0.69752
0.69561
0.69366
0.69172
0.68974
0.68776
0.68573
0.68369
0.68162
0.67954
0.67744
0.67529
0.67312
0.67096
0.66875
0.66652
0.66428
0.66199
0.65971
0.65738
0.65503
0.65265
0.65026
0.64784
0.64538
0.6429
0.64041
0.63787
0.63534
0.63277
0.63015
0.62753
0.62488
0.6222
0.61949
0.61679
0.61402
0.61124
0.60846
0.60563
0.60277
0.5999
0.59701
0.59411
0.59116
0.58822
0.58523
0.58225
0.57924
0.57622
0.57318
0.57013
0.56706
0.56399
0.56091
0.55783
0.55472
0.55166
0.55486
0.56342
0.56241
0.56144
0.56043
0.55951
0.55828
0.55698
0.5552
0.55407
0.55244
0.5506
0.54977
NaN
NaN
NaN
NaN
NaN
NaN
NaN
NaN
NaN
NaN
NaN
NaN
NaN
NaN
NaN
NaN
NaN
NaN
NaN
NaN
NaN
NaN
NaN
NaN
NaN
NaN
NaN
NaN
NaN
NaN
NaN
NaN
NaN
NaN
NaN
NaN
NaN
NaN
NaN
NaN
NaN
NaN
NaN
NaN
NaN
NaN
NaN
NaN
NaN
NaN
NaN
NaN
NaN
NaN
NaN
NaN
NaN
NaN
NaN
NaN
NaN
NaN
NaN
NaN
NaN
NaN
NaN
NaN
NaN
NaN
NaN
NaN
NaN
NaN
NaN
NaN
NaN
NaN
NaN
NaN
NaN
NaN
NaN
NaN
NaN
NaN
NaN
NaN
NaN
NaN
NaN
NaN
NaN
NaN
NaN
NaN
NaN
NaN
NaN
NaN
NaN
NaN
NaN
NaN
NaN
NaN
NaN
NaN
NaN
NaN
NaN
NaN
NaN
NaN
NaN
NaN
NaN
NaN
NaN
NaN
NaN
NaN
NaN
NaN
NaN
NaN
NaN
NaN
NaN
NaN
NaN
NaN
NaN
NaN
NaN
NaN
NaN
NaN
NaN
NaN
NaN
NaN
NaN
NaN
NaN
NaN
NaN
NaN
NaN
NaN
NaN
NaN
NaN
NaN
NaN
NaN
NaN
NaN
NaN
NaN
NaN
NaN
NaN
NaN
NaN
NaN
NaN
NaN
NaN
NaN
NaN
NaN
NaN
NaN
NaN
NaN
NaN
NaN
NaN
NaN
NaN
NaN
NaN
NaN
NaN
NaN
NaN
NaN
NaN
NaN
NaN
NaN
NaN
NaN
NaN
NaN
NaN
NaN
NaN
NaN
NaN
NaN
NaN
NaN
NaN
NaN
NaN
NaN
NaN
NaN
NaN
NaN
NaN
NaN
NaN
NaN
NaN
NaN
NaN
NaN
NaN
NaN
NaN
NaN
NaN
NaN
NaN
NaN
NaN
NaN
NaN
NaN
NaN
NaN
NaN
NaN
NaN
NaN
NaN
NaN
NaN
NaN
NaN
NaN
NaN
NaN
NaN
NaN
NaN
NaN
NaN
NaN
NaN
NaN
NaN
NaN
NaN
NaN
NaN
NaN
NaN
NaN
NaN
NaN
NaN
NaN
NaN
NaN
NaN
NaN
NaN
NaN
NaN
NaN
NaN
NaN
NaN
NaN
NaN
NaN
NaN
NaN
NaN
NaN
NaN
NaN
NaN
NaN
NaN
NaN
NaN
NaN
NaN
NaN
NaN
NaN
NaN
NaN
NaN
NaN
NaN
NaN
NaN
NaN
NaN
NaN
NaN
NaN
NaN
NaN
NaN
NaN
NaN
NaN
NaN
NaN
NaN
NaN
NaN
NaN
NaN
NaN
NaN
NaN
NaN
NaN
NaN
NaN
NaN
NaN
NaN
NaN
NaN
NaN
NaN
NaN
NaN
NaN
NaN
NaN
NaN
NaN
NaN
NaN
NaN
NaN
NaN
NaN
NaN
NaN
NaN
NaN
NaN
NaN
NaN
NaN
NaN
NaN
NaN
NaN
NaN
NaN
NaN
NaN
NaN
NaN
NaN
NaN
NaN
NaN
NaN
NaN
NaN
NaN
NaN
NaN
NaN
NaN
NaN
NaN
NaN
NaN
NaN
NaN
NaN
NaN
NaN
NaN
NaN
NaN
NaN
NaN
NaN
NaN
NaN
NaN
NaN
NaN
NaN
NaN
