NaN
NaN
NaN
NaN
NaN
NaN
NaN
NaN
NaN
NaN
NaN
NaN
NaN
NaN
NaN
NaN
NaN
NaN
NaN
NaN
NaN
NaN
NaN
NaN
NaN
NaN
NaN
NaN
NaN
NaN
NaN
NaN
NaN
NaN
NaN
NaN
NaN
NaN
NaN
NaN
NaN
NaN
NaN
NaN
NaN
NaN
NaN
NaN
NaN
NaN
NaN
NaN
NaN
NaN
NaN
NaN
NaN
NaN
NaN
NaN
NaN
NaN
NaN
NaN
NaN
NaN
NaN
NaN
NaN
NaN
NaN
NaN
NaN
NaN
NaN
NaN
NaN
NaN
NaN
NaN
NaN
NaN
NaN
NaN
NaN
NaN
NaN
NaN
NaN
NaN
NaN
NaN
NaN
NaN
NaN
NaN
NaN
NaN
NaN
NaN
NaN
NaN
NaN
NaN
NaN
NaN
NaN
NaN
NaN
NaN
NaN
NaN
NaN
NaN
NaN
NaN
NaN
NaN
NaN
NaN
NaN
NaN
NaN
NaN
NaN
NaN
NaN
NaN
NaN
NaN
NaN
NaN
NaN
NaN
NaN
NaN
NaN
NaN
NaN
NaN
NaN
NaN
NaN
NaN
NaN
NaN
NaN
NaN
NaN
NaN
NaN
NaN
NaN
NaN
NaN
NaN
NaN
NaN
NaN
NaN
NaN
NaN
NaN
NaN
NaN
NaN
NaN
NaN
NaN
NaN
NaN
NaN
NaN
NaN
NaN
NaN
NaN
NaN
NaN
NaN
NaN
NaN
NaN
NaN
NaN
NaN
NaN
NaN
NaN
NaN
NaN
NaN
NaN
NaN
NaN
NaN
NaN
NaN
NaN
NaN
NaN
NaN
NaN
NaN
NaN
NaN
NaN
NaN
NaN
NaN
NaN
NaN
NaN
NaN
NaN
NaN
NaN
NaN
NaN
NaN
NaN
NaN
NaN
NaN
NaN
NaN
NaN
NaN
NaN
NaN
NaN
NaN
NaN
NaN
NaN
NaN
NaN
NaN
NaN
NaN
NaN
NaN
NaN
NaN
NaN
NaN
NaN
NaN
NaN
NaN
NaN
NaN
NaN
NaN
NaN
NaN
NaN
NaN
NaN
NaN
NaN
NaN
NaN
NaN
NaN
NaN
NaN
NaN
NaN
NaN
NaN
NaN
NaN
NaN
NaN
NaN
NaN
NaN
NaN
NaN
NaN
NaN
NaN
NaN
NaN
NaN
NaN
NaN
NaN
NaN
NaN
NaN
NaN
NaN
NaN
NaN
NaN
NaN
NaN
NaN
NaN
NaN
NaN
NaN
NaN
NaN
NaN
NaN
NaN
NaN
NaN
NaN
NaN
NaN
NaN
NaN
NaN
NaN
NaN
NaN
NaN
NaN
NaN
NaN
NaN
NaN
NaN
NaN
NaN
NaN
NaN
NaN
NaN
NaN
NaN
NaN
NaN
NaN
NaN
NaN
NaN
NaN
NaN
NaN
NaN
NaN
NaN
NaN
NaN
NaN
NaN
NaN
NaN
NaN
NaN
NaN
NaN
NaN
NaN
NaN
NaN
NaN
NaN
NaN
NaN
NaN
NaN
NaN
NaN
NaN
NaN
NaN
NaN
NaN
NaN
NaN
NaN
NaN
NaN
NaN
NaN
NaN
NaN
NaN
NaN
NaN
NaN
NaN
NaN
NaN
NaN
NaN
NaN
NaN
NaN
NaN
NaN
NaN
NaN
NaN
NaN
NaN
NaN
NaN
NaN
NaN
NaN
NaN
NaN
NaN
NaN
NaN
NaN
NaN
NaN
0.57422
0.57589
0.578
0.58037
0.58286
0.58522
0.58774
0.59016
0.59268
0.5949
0.59725
0.5995
0.60168
0.60382
0.60622
0.60822
0.61128
0.61425
0.6172
0.62014
0.62304
0.62595
0.62879
0.6316
0.63441
0.63717
0.6399
0.64263
0.64529
0.64795
0.65055
0.65315
0.6557
0.65827
0.66075
0.66323
0.66567
0.66808
0.67047
0.67283
0.67517
0.67746
0.67974
0.682
0.68421
0.68642
0.68859
0.69072
0.69285
0.69495
0.697
0.69903
0.70106
0.70306
0.70502
0.70697
0.70888
0.71079
0.71266
0.71451
0.71634
0.71816
0.71994
0.7217
0.72345
0.72517
0.72687
0.72855
0.73022
0.73188
0.73347
0.73509
0.73667
0.73823
0.73977
0.74133
0.74282
0.74431
0.74579
0.74725
0.74869
0.75013
0.75152
0.75293
0.75431
0.75564
0.757
0.75833
0.75964
0.76093
0.76222
0.7635
0.76475
0.76598
0.76722
0.76843
0.76963
0.7708
0.77198
0.77313
0.77429
0.77542
0.77654
0.77763
0.77874
0.77982
0.78087
0.78194
0.78299
0.78402
0.78505
0.78606
0.78705
0.78804
0.78902
0.79
0.79096
0.7919
0.79283
0.79375
0.79467
0.79558
0.79647
0.79736
0.79823
0.7991
0.79995
0.80081
0.80164
0.80249
0.80329
0.8041
0.80491
0.8057
0.80649
0.80727
0.80804
0.8088
0.80954
0.81029
0.81103
0.81176
0.81248
0.81319
0.81389
0.81459
0.81527
0.81597
0.81664
0.8173
0.81798
0.81862
0.81926
0.8199
0.82052
0.82116
0.82178
0.82239
0.82299
0.82358
0.82418
0.82476
0.82534
0.82591
0.82649
0.82704
0.8276
0.82815
0.82869
0.82923
0.82976
0.83028
0.83079
0.83131
0.83182
0.83233
0.83281
0.83331
0.83379
0.83426
0.83474
0.83521
0.83568
0.83613
0.83658
0.83703
0.83746
0.83791
0.83833
0.83878
0.8392
0.83961
0.84001
0.84042
0.84084
0.84123
0.84162
0.84201
0.8424
0.84277
0.84315
0.84351
0.84388
0.84424
0.8446
0.84496
0.8453
0.84565
0.84598
0.84632
0.84664
0.84697
0.8473
0.84762
0.84792
0.84825
0.84854
0.84885
0.84914
0.84943
0.84974
0.85003
0.85032
0.85059
0.85085
0.85111
0.85137
0.85164
0.85193
0.85218
0.85241
0.85264
0.85293
0.85316
0.85335
0.85362
0.85385
0.85404
0.8543
0.85451
0.85471
0.85493
0.85512
0.85536
0.85553
0.85573
0.85593
0.85612
0.85631
0.85648
0.8567
0.85683
0.857
0.85719
0.85736
0.85751
0.85768
0.85784
0.85798
0.85812
0.85826
0.85843
0.85855
0.8587
0.85885
0.85895
0.85909
0.85919
0.85933
0.85945
0.85956
0.8597
0.8598
0.8599
0.86
0.8601
0.86021
0.86027
0.86036
0.86046
0.86057
0.86061
0.86071
0.86076
0.86085
0.86092
0.86098
0.86108
0.86107
0.86116
0.86123
0.86126
0.86132
0.86138
0.86139
0.86142
0.86146
0.86149
0.86156
0.86155
0.86154
0.86159
0.86159
0.86161
0.86164
0.86164
0.86165
0.86166
0.86167
0.86164
0.86163
0.86162
0.86159
0.8616
0.86159
0.86157
0.86153
0.86149
0.86146
0.86143
0.86144
0.86137
0.8613
0.86127
0.86121
0.86114
0.86115
0.86107
0.86097
0.86095
0.86086
0.86082
0.86073
0.86065
0.86054
0.86054
0.86037
0.86031
0.86019
0.86011
0.86002
0.8599
0.85983
0.85973
0.85957
0.85949
0.85937
0.85923
0.85911
0.85898
0.85886
0.85874
0.85862
0.85843
0.85828
0.85816
0.85802
0.85787
0.8577
0.85753
0.85737
0.85721
0.85704
0.85685
0.85669
0.8565
0.85636
0.85614
0.85596
0.85575
0.85553
0.85537
0.85522
0.85497
0.85473
0.85456
0.85432
0.8541
0.85391
0.85363
0.85341
0.85319
0.85294
0.8527
0.85244
0.85221
0.85195
0.85167
0.85143
0.85116
0.85089
0.8506
0.85036
0.85003
0.84979
0.84946
0.84919
0.8489
0.84859
0.8483
0.84796
0.84765
0.84735
0.84704
0.84669
0.84635
0.84603
0.8457
0.84537
0.845
0.84465
0.84429
0.84393
0.84356
0.84319
0.84282
0.84245
0.84206
0.84167
0.84127
0.84089
0.84049
0.84007
0.83966
0.83924
0.83882
0.83839
0.83796
0.83752
0.83709
0.83663
0.83619
0.83572
0.83526
0.83479
0.83431
0.83383
0.83336
0.83287
0.83237
0.83187
0.83137
0.83085
0.83033
0.82981
0.82929
0.82875
0.8282
0.82766
0.8271
0.82654
0.82597
0.82539
0.82481
0.82424
0.82364
0.82305
0.82244
0.82183
0.82121
0.82059
0.81996
0.81931
0.81867
0.81801
0.81735
0.81669
0.81601
0.81533
0.81463
0.81394
0.81324
0.81252
0.81179
0.81108
0.81035
0.8096
0.80885
0.80808
0.8073
0.80653
0.80575
0.80496
0.80415
0.80334
0.80252
0.80169
0.80084
0.8
0.79915
0.79827
0.79739
0.7965
0.79562
0.79471
0.79379
0.79287
0.79193
0.79098
0.79002
0.78906
0.78808
0.78709
0.78608
0.78507
0.78405
0.78301
0.78196
0.7809
0.77983
0.77875
0.77765
0.77655
0.77542
0.77427
0.77314
0.77198
0.77082
0.76962
0.76843
0.76722
0.76598
0.76475
0.76348
0.76222
0.76093
0.75963
0.75832
0.757
0.75563
0.75428
0.75291
0.7515
0.75011
0.74868
0.74723
0.74576
0.7443
0.74279
0.74128
0.73975
0.73819
0.73664
0.73504
0.73344
0.73182
0.73018
0.7285
0.72683
0.72512
0.72339
0.72164
0.71987
0.7181
0.71628
0.71446
0.71259
0.71072
0.70882
0.7069
0.70496
0.70299
0.70101
0.699
0.69698
0.69489
0.6928
0.69068
0.68856
0.6864
0.68418
0.68199
0.67974
0.67748
0.67519
0.67286
0.67051
0.66814
0.66575
0.66333
0.66088
0.65839
0.65587
0.65334
0.65077
0.64817
0.64559
0.64295
0.64025
0.63756
0.63484
0.63211
0.62935
0.62715
0.62944
0.63021
0.63045
0.62995
0.62875
0.62838
0.62723
0.62609
0.6259
0.62395
0.62291
0.62187
0.62088
0.61984
0.61785
0.61681
0.61582
0.61382
0.61277
0.61173
0.60966
0.60861
0.60652
0.60543
0.60332
0.60222
0.60008
0.59888
0.59675
0.59557
0.59327
0.59208
0.58987
0.5886
0.58729
0.58487
0.58351
0.58116
0.57973
0.57833
0.5767
0.57419
0.5727
0.57097
NaN
NaN
NaN
NaN
NaN
NaN
NaN
NaN
NaN
NaN
NaN
NaN
NaN
NaN
NaN
NaN
NaN
NaN
NaN
NaN
NaN
NaN
NaN
NaN
NaN
NaN
NaN
NaN
NaN
NaN
NaN
NaN
NaN
NaN
NaN
NaN
NaN
NaN
NaN
NaN
NaN
NaN
NaN
NaN
NaN
NaN
NaN
NaN
NaN
NaN
NaN
NaN
NaN
NaN
NaN
NaN
NaN
NaN
NaN
NaN
NaN
NaN
NaN
NaN
NaN
NaN
NaN
NaN
NaN
NaN
NaN
NaN
NaN
NaN
NaN
NaN
NaN
NaN
NaN
NaN
NaN
NaN
NaN
NaN
NaN
NaN
NaN
NaN
NaN
NaN
NaN
NaN
NaN
NaN
NaN
NaN
NaN
NaN
NaN
NaN
NaN
NaN
NaN
NaN
NaN
NaN
NaN
NaN
NaN
NaN
NaN
NaN
NaN
NaN
NaN
NaN
NaN
NaN
NaN
NaN
NaN
NaN
NaN
NaN
NaN
NaN
NaN
NaN
NaN
NaN
NaN
NaN
NaN
NaN
NaN
NaN
NaN
NaN
NaN
NaN
NaN
NaN
NaN
NaN
NaN
NaN
NaN
NaN
NaN
NaN
NaN
NaN
NaN
NaN
NaN
NaN
NaN
NaN
NaN
NaN
NaN
NaN
NaN
NaN
NaN
NaN
NaN
NaN
NaN
NaN
NaN
NaN
NaN
NaN
NaN
NaN
NaN
NaN
NaN
NaN
NaN
NaN
NaN
NaN
NaN
NaN
NaN
NaN
NaN
NaN
NaN
NaN
NaN
NaN
NaN
NaN
NaN
NaN
NaN
NaN
NaN
NaN
NaN
NaN
NaN
NaN
NaN
NaN
NaN
NaN
NaN
NaN
NaN
NaN
NaN
NaN
NaN
NaN
NaN
NaN
NaN
NaN
NaN
NaN
NaN
NaN
NaN
NaN
NaN
NaN
NaN
NaN
NaN
NaN
NaN
NaN
NaN
NaN
NaN
NaN
NaN
NaN
NaN
NaN
NaN
NaN
NaN
NaN
NaN
NaN
NaN
NaN
NaN
NaN
NaN
NaN
NaN
NaN
NaN
NaN
NaN
NaN
NaN
NaN
NaN
NaN
NaN
NaN
NaN
NaN
NaN
NaN
NaN
NaN
NaN
NaN
NaN
NaN
NaN
NaN
NaN
NaN
NaN
NaN
NaN
NaN
NaN
NaN
NaN
NaN
NaN
NaN
NaN
NaN
NaN
NaN
NaN
NaN
NaN
NaN
NaN
NaN
NaN
NaN
NaN
NaN
NaN
NaN
NaN
NaN
NaN
NaN
NaN
NaN
NaN
NaN
NaN
NaN
NaN
NaN
NaN
NaN
NaN
NaN
NaN
NaN
NaN
NaN
NaN
NaN
NaN
NaN
NaN
NaN
NaN
NaN
NaN
NaN
NaN
NaN
NaN
NaN
NaN
NaN
NaN
NaN
NaN
NaN
NaN
NaN
NaN
NaN
NaN
NaN
NaN
NaN
NaN
NaN
NaN
NaN
NaN
NaN
NaN
NaN
NaN
NaN
NaN
NaN
NaN
NaN
NaN
NaN
NaN
NaN
NaN
NaN
NaN
NaN
NaN
NaN
NaN
NaN
NaN
NaN
NaN
NaN
NaN
