NaN
NaN
NaN
NaN
NaN
NaN
NaN
NaN
NaN
NaN
NaN
NaN
NaN
NaN
NaN
NaN
NaN
NaN
NaN
NaN
NaN
NaN
NaN
NaN
NaN
NaN
NaN
NaN
NaN
NaN
NaN
NaN
NaN
NaN
NaN
NaN
NaN
NaN
NaN
NaN
NaN
NaN
NaN
NaN
NaN
NaN
NaN
NaN
NaN
NaN
NaN
NaN
NaN
NaN
NaN
NaN
NaN
NaN
NaN
NaN
NaN
NaN
NaN
NaN
NaN
NaN
NaN
NaN
NaN
NaN
NaN
NaN
NaN
NaN
NaN
NaN
NaN
NaN
NaN
NaN
NaN
NaN
NaN
NaN
NaN
NaN
NaN
NaN
NaN
NaN
NaN
NaN
NaN
NaN
NaN
NaN
NaN
NaN
NaN
NaN
NaN
NaN
NaN
NaN
NaN
NaN
NaN
NaN
NaN
NaN
NaN
NaN
NaN
NaN
NaN
NaN
NaN
NaN
NaN
NaN
NaN
NaN
NaN
NaN
NaN
NaN
NaN
NaN
NaN
NaN
NaN
NaN
NaN
NaN
NaN
NaN
NaN
NaN
NaN
NaN
NaN
NaN
NaN
NaN
NaN
NaN
NaN
NaN
NaN
NaN
NaN
NaN
NaN
NaN
NaN
NaN
NaN
NaN
NaN
NaN
NaN
NaN
NaN
NaN
NaN
NaN
NaN
NaN
NaN
NaN
NaN
NaN
NaN
NaN
NaN
NaN
NaN
NaN
NaN
NaN
NaN
NaN
NaN
NaN
NaN
NaN
NaN
NaN
NaN
NaN
NaN
NaN
NaN
NaN
NaN
NaN
NaN
NaN
NaN
NaN
NaN
NaN
NaN
NaN
NaN
NaN
NaN
NaN
NaN
NaN
NaN
NaN
NaN
NaN
NaN
NaN
NaN
NaN
NaN
NaN
NaN
NaN
NaN
NaN
NaN
NaN
NaN
NaN
NaN
NaN
NaN
NaN
NaN
NaN
NaN
NaN
NaN
NaN
NaN
NaN
NaN
NaN
NaN
NaN
NaN
NaN
NaN
NaN
NaN
NaN
NaN
NaN
NaN
NaN
NaN
NaN
NaN
NaN
NaN
NaN
NaN
NaN
NaN
NaN
NaN
NaN
NaN
NaN
NaN
NaN
NaN
NaN
NaN
NaN
NaN
NaN
NaN
NaN
NaN
NaN
NaN
NaN
NaN
NaN
NaN
NaN
NaN
NaN
NaN
NaN
NaN
NaN
NaN
NaN
NaN
NaN
NaN
NaN
NaN
NaN
NaN
NaN
NaN
NaN
NaN
NaN
NaN
NaN
NaN
NaN
NaN
NaN
NaN
NaN
NaN
NaN
NaN
NaN
NaN
NaN
NaN
NaN
NaN
NaN
NaN
NaN
NaN
NaN
NaN
NaN
NaN
NaN
NaN
NaN
NaN
NaN
NaN
NaN
NaN
NaN
NaN
NaN
NaN
NaN
NaN
NaN
NaN
NaN
NaN
NaN
NaN
NaN
NaN
NaN
NaN
NaN
NaN
NaN
NaN
NaN
NaN
NaN
NaN
NaN
NaN
NaN
NaN
NaN
NaN
NaN
NaN
NaN
NaN
NaN
NaN
NaN
NaN
NaN
NaN
NaN
NaN
0.56356
0.56536
0.56685
0.56891
0.57023
0.5721
0.57389
0.57564
0.57741
0.57908
0.58065
0.58226
0.58387
0.58545
0.58814
0.59057
0.59284
0.59502
0.59711
0.59912
0.6011
0.60305
0.60445
0.60627
0.60813
0.60934
0.61115
0.61245
0.61325
0.61318
0.61329
0.61348
0.61267
0.61167
0.61402
0.61691
0.61978
0.62261
0.62542
0.6282
0.63096
0.6337
0.63642
0.6391
0.64176
0.64439
0.64701
0.64957
0.65213
0.65466
0.65717
0.65964
0.66211
0.66451
0.66693
0.66931
0.67163
0.67398
0.67626
0.67852
0.68076
0.68299
0.68517
0.68734
0.6895
0.69161
0.6937
0.69579
0.69782
0.69985
0.70186
0.70383
0.70581
0.70773
0.70964
0.71154
0.71338
0.71524
0.71707
0.71887
0.72065
0.7224
0.72416
0.72588
0.72759
0.72927
0.73094
0.73258
0.7342
0.73581
0.73738
0.73896
0.74053
0.74207
0.74359
0.74509
0.74656
0.74803
0.74949
0.75092
0.75235
0.75375
0.75512
0.75651
0.75788
0.75921
0.76054
0.76185
0.76315
0.76445
0.76571
0.76697
0.76821
0.76944
0.77066
0.77186
0.77304
0.77423
0.77539
0.77654
0.77769
0.77881
0.77993
0.78104
0.78212
0.7832
0.78426
0.78533
0.78637
0.78741
0.78843
0.78945
0.79045
0.79144
0.79242
0.7934
0.79435
0.7953
0.79624
0.79718
0.7981
0.799
0.7999
0.80079
0.80169
0.80256
0.80343
0.80428
0.80513
0.80597
0.80679
0.80762
0.80843
0.80924
0.81002
0.81082
0.81161
0.81237
0.81314
0.81389
0.81463
0.81538
0.81612
0.81683
0.81757
0.81827
0.81897
0.81967
0.82036
0.82104
0.82172
0.82239
0.82305
0.8237
0.82435
0.82499
0.82562
0.82626
0.82688
0.8275
0.8281
0.82871
0.82931
0.8299
0.83048
0.83105
0.83164
0.8322
0.83276
0.83331
0.83387
0.83441
0.83494
0.83548
0.83601
0.83654
0.83707
0.83755
0.83807
0.83856
0.83907
0.83955
0.84004
0.84053
0.84099
0.84147
0.84193
0.84239
0.84284
0.8433
0.84374
0.84419
0.84462
0.84505
0.84547
0.84591
0.84631
0.84673
0.84714
0.84755
0.84795
0.84834
0.84873
0.84912
0.84949
0.84988
0.85026
0.85063
0.85099
0.85135
0.85171
0.85206
0.85241
0.85275
0.85311
0.85344
0.85377
0.8541
0.85443
0.85474
0.85505
0.85538
0.85568
0.85599
0.85631
0.85662
0.85691
0.85722
0.85749
0.85777
0.85803
0.85831
0.85858
0.85885
0.85909
0.85941
0.85967
0.85992
0.86018
0.86045
0.86068
0.86091
0.86117
0.86141
0.86165
0.86186
0.86208
0.8623
0.86253
0.86273
0.86295
0.86319
0.86337
0.86359
0.86376
0.86399
0.8642
0.86437
0.86456
0.86471
0.86492
0.86509
0.86527
0.86547
0.86561
0.86578
0.86597
0.86619
0.86623
0.86643
0.86661
0.86679
0.86692
0.86702
0.86719
0.86733
0.86746
0.86764
0.86774
0.86785
0.86797
0.86808
0.86819
0.86829
0.86841
0.86855
0.86865
0.86875
0.86889
0.869
0.86905
0.86917
0.86923
0.86932
0.86944
0.86953
0.8696
0.86966
0.86972
0.86985
0.86982
0.86996
0.87005
0.87001
0.87013
0.87019
0.87023
0.87029
0.87029
0.87037
0.87042
0.87048
0.87051
0.87056
0.8706
0.87059
0.87064
0.87067
0.87069
0.87068
0.87066
0.87066
0.87077
0.87078
0.87075
0.87071
0.87074
0.87075
0.87074
0.87076
0.87073
0.87074
0.87074
0.87071
0.87071
0.87068
0.87065
0.87058
0.87058
0.87051
0.87047
0.87045
0.87041
0.87036
0.87032
0.87026
0.87022
0.87015
0.87013
0.87003
0.86997
0.86992
0.86987
0.86977
0.86967
0.8696
0.86955
0.86946
0.86937
0.86929
0.86918
0.86909
0.86905
0.8689
0.86883
0.86871
0.86854
0.8685
0.86839
0.86825
0.86816
0.86807
0.86794
0.86775
0.86765
0.86754
0.86735
0.86722
0.86711
0.86697
0.86684
0.86669
0.86653
0.86638
0.86622
0.86607
0.86588
0.86573
0.86554
0.86536
0.86516
0.86502
0.86485
0.86467
0.86449
0.86425
0.86405
0.86392
0.86366
0.86352
0.86331
0.86307
0.86285
0.86266
0.8624
0.86219
0.86193
0.86175
0.86154
0.86124
0.86101
0.86085
0.86058
0.86025
0.86011
0.85977
0.85954
0.85936
0.859
0.85872
0.85852
0.85816
0.85787
0.85761
0.85738
0.85712
0.85676
0.85645
0.85612
0.85585
0.85556
0.85524
0.85494
0.85459
0.85427
0.85394
0.85362
0.85327
0.85294
0.85259
0.85224
0.85192
0.85156
0.8512
0.85082
0.85046
0.85009
0.84972
0.84933
0.84894
0.84856
0.84816
0.84777
0.84736
0.84696
0.84655
0.84614
0.84571
0.84529
0.84486
0.84443
0.84399
0.84355
0.84309
0.84266
0.84219
0.84173
0.84127
0.84079
0.84032
0.83984
0.83935
0.83886
0.83835
0.83786
0.83735
0.83683
0.83632
0.83579
0.83527
0.83473
0.83419
0.83364
0.83309
0.83254
0.83198
0.83141
0.83084
0.83026
0.82966
0.82907
0.82847
0.82786
0.82725
0.82664
0.82602
0.82538
0.82475
0.8241
0.82346
0.8228
0.82214
0.82146
0.82079
0.82011
0.81942
0.81872
0.81802
0.8173
0.81658
0.81585
0.81512
0.81438
0.81363
0.81287
0.81211
0.81133
0.81056
0.80976
0.80897
0.80816
0.80734
0.80654
0.80569
0.80486
0.804
0.80315
0.80228
0.80142
0.80054
0.79964
0.79872
0.79781
0.7969
0.79596
0.79502
0.79407
0.79311
0.79214
0.79117
0.79016
0.78917
0.78816
0.78713
0.78609
0.78504
0.78399
0.78292
0.78183
0.78074
0.77965
0.77853
0.77741
0.77627
0.77512
0.77395
0.77276
0.77159
0.77039
0.76917
0.76793
0.7667
0.76545
0.76417
0.76289
0.76159
0.76028
0.75895
0.75761
0.75626
0.75489
0.75349
0.75211
0.75066
0.74925
0.74781
0.74633
0.74485
0.74336
0.74185
0.74032
0.73875
0.73717
0.73561
0.73398
0.73236
0.73074
0.72906
0.7274
0.72569
0.72398
0.72225
0.72048
0.71871
0.7169
0.7151
0.71327
0.71139
0.70951
0.70761
0.70567
0.70374
0.70175
0.69977
0.69776
0.69573
0.69368
0.69157
0.68945
0.68732
0.68516
0.68297
0.68078
0.67853
0.67628
0.674
0.67169
0.66933
0.66698
0.66459
0.66218
0.65974
0.65726
0.65478
0.65226
0.64969
0.64712
0.64452
0.64189
0.63926
0.63657
0.63386
0.63113
0.62838
0.62556
0.62277
0.61993
0.61709
0.6142
0.61185
0.6101
0.60829
0.60642
0.60457
0.60264
0.60068
0.59864
0.59657
0.59446
0.5923
0.59007
0.5878
0.58546
0.58389
0.58227
0.58061
0.57835
0.57646
0.57483
0.57324
0.5744
NaN
NaN
NaN
NaN
NaN
NaN
NaN
NaN
NaN
NaN
NaN
NaN
NaN
NaN
NaN
NaN
NaN
NaN
NaN
NaN
NaN
NaN
NaN
NaN
NaN
NaN
NaN
NaN
NaN
NaN
NaN
NaN
NaN
NaN
NaN
NaN
NaN
NaN
NaN
NaN
NaN
NaN
NaN
NaN
NaN
NaN
NaN
NaN
NaN
NaN
NaN
NaN
NaN
NaN
NaN
NaN
NaN
NaN
NaN
NaN
NaN
NaN
NaN
NaN
NaN
NaN
NaN
NaN
NaN
NaN
NaN
NaN
NaN
NaN
NaN
NaN
NaN
NaN
NaN
NaN
NaN
NaN
NaN
NaN
NaN
NaN
NaN
NaN
NaN
NaN
NaN
NaN
NaN
NaN
NaN
NaN
NaN
NaN
NaN
NaN
NaN
NaN
NaN
NaN
NaN
NaN
NaN
NaN
NaN
NaN
NaN
NaN
NaN
NaN
NaN
NaN
NaN
NaN
NaN
NaN
NaN
NaN
NaN
NaN
NaN
NaN
NaN
NaN
NaN
NaN
NaN
NaN
NaN
NaN
NaN
NaN
NaN
NaN
NaN
NaN
NaN
NaN
NaN
NaN
NaN
NaN
NaN
NaN
NaN
NaN
NaN
NaN
NaN
NaN
NaN
NaN
NaN
NaN
NaN
NaN
NaN
NaN
NaN
NaN
NaN
NaN
NaN
NaN
NaN
NaN
NaN
NaN
NaN
NaN
NaN
NaN
NaN
NaN
NaN
NaN
NaN
NaN
NaN
NaN
NaN
NaN
NaN
NaN
NaN
NaN
NaN
NaN
NaN
NaN
NaN
NaN
NaN
NaN
NaN
NaN
NaN
NaN
NaN
NaN
NaN
NaN
NaN
NaN
NaN
NaN
NaN
NaN
NaN
NaN
NaN
NaN
NaN
NaN
NaN
NaN
NaN
NaN
NaN
NaN
NaN
NaN
NaN
NaN
NaN
NaN
NaN
NaN
NaN
NaN
NaN
NaN
NaN
NaN
NaN
NaN
NaN
NaN
NaN
NaN
NaN
NaN
NaN
NaN
NaN
NaN
NaN
NaN
NaN
NaN
NaN
NaN
NaN
NaN
NaN
NaN
NaN
NaN
NaN
NaN
NaN
NaN
NaN
NaN
NaN
NaN
NaN
NaN
NaN
NaN
NaN
NaN
NaN
NaN
NaN
NaN
NaN
NaN
NaN
NaN
NaN
NaN
NaN
NaN
NaN
NaN
NaN
NaN
NaN
NaN
NaN
NaN
NaN
NaN
NaN
NaN
NaN
NaN
NaN
NaN
NaN
NaN
NaN
NaN
NaN
NaN
NaN
NaN
NaN
NaN
NaN
NaN
NaN
NaN
NaN
NaN
NaN
NaN
NaN
NaN
NaN
NaN
NaN
NaN
NaN
NaN
NaN
NaN
NaN
NaN
NaN
NaN
NaN
NaN
NaN
NaN
NaN
NaN
NaN
NaN
NaN
NaN
NaN
NaN
NaN
NaN
NaN
NaN
NaN
NaN
NaN
NaN
NaN
NaN
NaN
NaN
NaN
NaN
NaN
NaN
NaN
NaN
NaN
NaN
NaN
NaN
NaN
NaN
NaN
NaN
NaN
NaN
NaN
NaN
